1	744
2	744
3	992
4	1464
5	1629
6	1711
7	2781
8	2517
9	2937
10	3009
11	3373
12	3364
13	3764
14	3170
15	3328
16	3538
17	3778
18	4021
19	4117
20	4128
21	4438
22	4632
23	5774
24	6270
25	6713
26	7398
27	7550
28	7676
29	7912
30	7694
31	6516
32	6658
33	6820
34	7094
35	7355
36	9490
37	10330
38	10155
39	10492
40	10756
41	11119
42	11152
43	9803
44	10392
45	12435
46	12815
47	12695
48	13024
49	12980
50	13923
51	14294
52	14121
53	14308
54	14559
55	14766
56	13123
57	15181
58	16286
59	15901
60	16112
61	15759
62	16227
63	17511
64	17158
65	17612
66	17770
67	15996
68	18876
69	18520
70	18874
71	18856
72	17082
73	20551
74	19913
75	20169
76	17906
77	20902
78	21217
79	21288
80	20313
81	20829
82	22367
83	22197
84	21500
85	21827
86	28924
87	23426
88	21483
89	24301
90	24110
91	24511
92	22371
93	26070
94	25243
95	23796
96	25124
97	26191
98	26252
99	24213
100	27956
101	27299
102	25144
103	28196
104	27876
105	27581
106	28447
107	28951
108	28598
109	27701
110	30015
111	29579
112	28101
113	30753
114	30243
115	29269
116	31408
117	30577
118	30779
119	32008
120	35214
121	33057
122	37304
123	31053
124	33764
125	32420
126	33130
127	33955
128	31961
129	35397
130	33758
131	34609
132	35359
133	32882
134	36861
135	35608
136	35411
137	36749
138	34519
139	38020
140	48772
141	38297
142	37920
143	37037
144	38499
145	36567
146	39532
147	37393
148	40309
149	42911
150	40200
151	40417
152	39434
153	40981
154	39144
155	41628
156	39639
157	42571
158	63399
159	42475
160	41538
161	43315
162	41659
163	43850
164	42529
165	44442
166	42788
167	44872
168	43038
169	45416
170	43845
171	45879
172	49621
173	46261
174	45209
175	47048
176	45324
177	46322
178	47264
179	45387
180	42980
181	48688
182	39515
183	38297
184	49693
185	45203
186	38375
187	38705
188	38934
189	46077
190	39880
191	39504
192	39620
193	39978
194	39988
195	43984
196	40566
197	40736
198	42699
199	46832
200	41505
201	41630
202	41990
203	41845
204	41990
205	42190
206	42622
207	42656
208	42863
209	43238
210	43255
211	43686
212	43863
213	43901
214	44159
215	52177
216	44762
217	44991
218	48581
219	45268
220	45426
221	45481
222	45898
223	46042
224	46180
225	46576
226	46706
227	46865
228	47069
229	47286
230	47280
231	47778
232	48077
233	47954
234	48193
235	48418
236	48755
237	48887
238	49135
239	52314
240	49317
241	49723
242	50026
243	57225
244	50510
245	50443
246	71173
247	52527
248	51150
249	51462
250	51495
251	51734
252	51944
253	52158
254	52477
255	52441
256	52557
257	52833
258	57923
259	53265
260	53629
261	53862
262	54113
263	54431
264	54576
265	54450
266	54832
267	54987
268	55333
269	55524
270	55801
271	56048
272	55945
273	56148
274	56588
275	56667
276	60109
277	57140
278	57360
279	57573
280	57780
281	58096
282	58296
283	58215
284	58597
285	58679
286	59295
287	59103
288	59412
289	59751
290	71329
291	60398
292	63622
293	60563
294	60535
295	60806
296	61080
297	61483
298	61693
299	61315
300	61704
301	62078
302	62128
303	62424
304	62697
305	62960
306	63169
307	63552
308	66808
309	67641
310	68815
311	74006
312	79135
313	113564
314	80267
315	78665
316	79604
317	81499
318	80753
319	80333
320	66189
321	74080
322	66732
323	66930
324	66975
325	67114
326	67263
327	67475
328	67577
329	67917
330	68094
331	68348
332	68812
333	68935
334	69166
335	69119
336	72592
337	69694
338	69987
339	70099
340	70180
341	70245
342	70541
343	71036
344	70912
345	71053
346	71575
347	71422
348	71923
349	72172
350	75365
351	72277
352	72695
353	72912
354	73032
355	73513
356	73635
357	73927
358	73680
359	74012
360	74428
361	74474
362	74724
363	77762
364	85498
365	85160
366	75702
367	75935
368	96289
369	76189
370	76446
371	76626
372	76742
373	77155
374	77091
375	77324
376	82313
377	77501
378	78070
379	77904
380	78393
381	78873
382	78713
383	79008
384	79311
385	79031
386	79865
387	79793
388	83328
389	80070
390	80344
391	80732
392	80780
393	81130
394	81331
395	81607
396	81709
397	82119
398	82355
399	82252
400	82916
401	85604
402	83085
403	83324
404	83540
405	83552
406	84110
407	83762
408	84241
409	84718
410	84473
411	84723
412	87805
413	85213
414	85475
415	85572
416	85919
417	100472
418	86425
419	86365
420	86858
421	86849
422	91049
423	87606
424	91179
425	87686
426	88099
427	87801
428	88527
429	88665
430	88801
431	88989
432	89232
433	89518
434	89890
435	92940
436	90119
437	90544
438	90427
439	90405
440	90485
441	91167
442	91537
443	91559
444	91565
445	91923
446	94954
447	92332
448	92376
449	92459
450	92691
451	93068
452	93153
453	93612
454	93904
455	94147
456	94179
457	97319
458	94683
459	94715
460	94537
461	109520
462	95519
463	95664
464	95825
465	96224
466	119906
467	122993
468	121616
469	116621
470	116297
471	118684
472	119573
473	104118
474	97693
475	105273
476	98472
477	98817
478	98942
479	98956
480	99156
481	99304
482	105369
483	99854
484	99991
485	103990
486	100278
487	100839
488	100887
489	101087
490	101342
491	101292
492	101973
493	102111
494	101807
495	105261
496	102329
497	102636
498	103312
499	124549
500	103154
501	103325
502	103673
503	104118
504	104153
505	108466
506	104356
507	104388
508	104826
509	105105
510	105392
511	105297
512	105963
513	106169
514	109694
515	106389
516	106684
517	106806
518	106821
519	107198
520	107445
521	107422
522	110372
523	111462
524	108088
525	108632
526	108459
527	108589
528	109349
529	109362
530	109319
531	109417
532	112920
533	109948
534	110584
535	110414
536	142573
537	110967
538	110902
539	111307
540	111640
541	115578
542	111772
543	112266
544	112409
545	112215
546	112770
547	112621
548	112968
549	113507
550	118190
551	113627
552	113256
553	113988
554	114249
555	114503
556	114694
557	115211
558	115383
559	118576
560	115452
561	115751
562	116013
563	115928
564	116491
565	116858
566	116747
567	120232
568	117339
569	117858
570	132548
571	118159
572	118222
573	118616
574	118542
575	123553
576	119125
577	119100
578	119143
579	119103
580	119748
581	120159
582	120507
583	132565
584	126243
585	120675
586	121028
587	121204
588	121257
589	121816
590	121996
591	122086
592	125746
593	122535
594	122746
595	123177
596	123063
597	123057
598	123387
599	123692
600	127759
601	124064
602	124033
603	141889
604	124976
605	125044
606	125007
607	128524
608	128880
609	125837
610	125550
611	125957
612	126139
613	126593
614	126953
615	127066
616	130370
617	127103
618	127532
619	127861
620	127941
621	128282
622	128624
623	131528
624	128509
625	129032
626	128895
627	129645
628	129993
629	140652
630	158327
631	164631
632	157420
633	175922
634	144421
635	130794
636	131301
637	131577
638	137553
639	131754
640	132342
641	132793
642	132774
643	132785
644	132916
645	137758
646	133244
647	133757
648	133687
649	133706
650	134221
651	134169
652	137701
653	134958
654	135000
655	135265
656	135321
657	135771
658	135751
659	136706
660	139233
661	136652
662	136640
663	154621
664	136729
665	137326
666	137302
667	142694
668	137731
669	138125
670	138518
671	138444
672	138706
673	138933
674	142526
675	139398
676	139876
677	139881
678	139308
679	162825
680	143752
681	143526
682	140456
683	140841
684	141685
685	141656
686	141320
687	141714
688	146442
689	142597
690	142533
691	181486
692	142519
693	143045
694	143118
695	147233
696	143741
697	143802
698	144410
699	144098
700	144556
701	144975
702	149019
703	144899
704	144983
705	145228
706	145995
707	145794
708	146219
709	149881
710	146533
711	146975
712	146844
713	146436
714	147343
715	150097
716	147654
717	148160
718	164648
719	148515
720	148647
721	148945
722	152967
723	149381
724	149372
725	149720
726	149993
727	149844
728	150573
729	153548
730	150579
731	150912
732	170788
733	195785
734	196388
735	183989
736	190711
737	200001
738	185660
739	153281
740	159259
741	152746
742	177529
743	155722
744	153473
745	153607
746	160943
747	154318
748	154477
749	154640
750	154939
751	154745
752	155240
753	158772
754	155664
755	156195
756	156335
757	155441
758	156675
759	159513
760	156841
761	156505
762	157537
763	157268
764	157242
765	160617
766	157944
767	158141
768	176185
769	158331
770	159172
771	159234
772	167429
773	159343
774	159635
775	159912
776	160366
777	160215
778	163258
779	160393
780	161262
781	160842
782	161470
783	161494
784	164958
785	162095
786	162299
787	162440
788	162741
789	162494
790	165992
791	163291
792	181163
793	164107
794	163899
795	163616
796	168408
797	164805
798	163673
799	164810
800	165273
801	165165
802	168632
803	165486
804	166438
805	166414
806	166698
807	169284
808	169994
809	167208
810	167229
811	167079
812	167110
813	167378
814	171187
815	168109
816	194751
817	169132
818	168923
819	169065
820	172692
821	169786
822	169629
823	169591
824	170209
825	170458
826	173742
827	170509
828	171279
829	170833
830	171200
831	174741
832	172176
833	172324
834	172305
835	171891
836	172725
837	175616
838	173278
839	193663
840	173625
841	173588
842	173333
843	177636
844	174264
845	174501
846	174763
847	174844
848	175402
849	179286
850	175624
851	175325
852	175840
853	175965
854	179853
855	176683
856	176477
857	177036
858	177461
859	177469
860	180614
861	178215
862	194201
863	178736
864	178281
865	185832
866	178880
867	179192
868	178807
869	179719
870	178806
871	183021
872	179728
873	180064
874	180653
875	180741
876	183482
877	181085
878	181220
879	181542
880	182098
881	181522
882	185588
883	182438
884	194539
885	182215
886	182113
887	186782
888	183222
889	183738
890	183806
891	183064
892	197529
893	186787
894	184374
895	184608
896	185293
897	185546
898	187402
899	185524
900	186084
901	186362
902	185795
903	196170
904	186787
905	198942
906	187084
907	187650
908	187930
909	191065
910	187926
911	187998
912	188744
913	188058
914	191341
915	188850
916	189271
917	189666
918	189491
919	196620
920	190109
921	190186
922	190236
923	190538
924	194581
925	190889
926	209367
927	191292
928	191245
929	191061
930	194839
931	192108
932	192347
933	192719
934	192260
935	196164
936	192957
937	193589
938	193576
939	193895
940	197139
941	194339
942	194258
943	194817
944	194331
945	198046
946	195093
947	204354
948	195560
949	195341
950	199147
951	195941
952	196618
953	196560
954	196792
955	200361
956	197214
957	196946
958	198328
959	197704
960	200656
961	198024
962	198777
963	199009
964	198557
965	203026
966	199445
967	208065
968	199931
969	199916
970	215855
971	200506
972	200493
973	200974
974	201140
975	204378
976	201008
977	201884
978	201517
979	201959
980	205531
981	201918
982	202714
983	202443
984	202743
985	205993
986	203028
987	211290
988	204185
989	203728
990	207333
991	204439
992	204622
993	204802
994	204919
995	208705
996	205385
997	206201
998	205331
999	209299
1000	207043
1001	206537
1002	206856
1003	207130
1004	210062
1005	207459
1006	214186
1007	207818
1008	208037
1009	211064
1010	208097
1011	216823
1012	208607
1013	208959
1014	213260
1015	209623
1016	209201
1017	209834
1018	215525
1019	210508
1020	209854
1021	216250
1022	210630
1023	214108
1024	211335
1025	229778
1026	212265
1027	211695
1028	216326
1029	212701
1030	212411
1031	212907
1032	216242
1033	213262
1034	214003
1035	213877
1036	213673
1037	216715
1038	214304
1039	214685
1040	214746
1041	214758
1042	217739
1043	222776
1044	215410
1045	215920
1046	227689
1047	215997
1048	216260
1049	216596
1050	217070
1051	220309
1052	217022
1053	217025
1054	217697
1055	220845
1056	217953
1057	218342
1058	218326
1059	218960
1060	221432
1061	219061
1062	225852
1063	219370
1064	234056
1065	219726
1066	220080
1067	220549
1068	220237
1069	223652
1070	221135
1071	221458
1072	221401
1073	224283
1074	221807
1075	221847
1076	221834
1077	222168
1078	225177
1079	222911
1080	242141
1081	223186
1082	226922
1083	223614
1084	223471
1085	224560
1086	224396
1087	227060
1088	224392
1089	225002
1090	225019
1091	228205
1092	224973
1093	225122
1094	226113
1095	225661
1096	228954
1097	236809
1098	226964
1099	226849
1100	245286
1101	278099
1102	289356
1103	301145
1104	299441
1105	299102
1106	303593
1107	304075
1108	264717
1109	228718
1110	228853
1111	234743
1112	265013
1113	230072
1114	230010
1115	234279
1116	230075
1117	231116
1118	230814
1119	233605
1120	231427
1121	231425
1122	231473
1123	231476
1124	236160
1125	231928
1126	232273
1127	232468
1128	236459
1129	247996
1130	233601
1131	233684
1132	237444
1133	234199
1134	234017
1135	234449
1136	245232
1137	234659
1138	234487
1139	234781
1140	238463
1141	235746
1142	235815
1143	235797
1144	236091
1145	239291
1146	257648
1147	239449
1148	240764
1149	241276
1150	237579
1151	237485
1152	237386
1153	240941
1154	237715
1155	238347
1156	238846
1157	242141
1158	238815
1159	238902
1160	239544
1161	241716
1162	239890
1163	257860
1164	240849
1165	245536
1166	240284
1167	240465
1168	240741
1169	241179
1170	244248
1171	241708
1172	241470
1173	241989
1174	245213
1175	242637
1176	242544
1177	242791
1178	247232
1179	251943
1180	243931
1181	243601
1182	247846
1183	244087
1184	244268
1185	243734
1186	248325
1187	245116
1188	245894
1189	247906
1190	249116
1191	245868
1192	246026
1193	246337
1194	251413
1195	271252
1196	247030
1197	247166
1198	250417
1199	247381
1200	247823
1201	247684
1202	251079
1203	248449
1204	249034
1205	248731
1206	253437
1207	248834
1208	249352
1209	249564
1210	252884
1211	257429
1212	250125
1213	250520
1214	253721
1215	250103
1216	250862
1217	251154
1218	254516
1219	251059
1220	251829
1221	251692
1222	256630
1223	252438
1224	252655
1225	252390
1226	256678
1227	264650
1228	253691
1229	255993
1230	256634
1231	253770
1232	254022
1233	254332
1234	257956
1235	255079
1236	254677
1237	258355
1238	255833
1239	255571
1240	256068
1241	259081
1242	256099
1243	264625
1244	256822
1245	259679
1246	256947
1247	257994
1248	257721
1249	261039
1250	258451
1251	258444
1252	258274
1253	261989
1254	258349
1255	258695
1256	259263
1257	261828
1258	266315
1259	260034
1260	259875
1261	263331
1262	260032
1263	261004
1264	263981
1265	261860
1266	261546
1267	261777
1268	267398
1269	261179
1270	261604
1271	262647
1272	265459
1273	276330
1274	263539
1275	262499
1276	266571
1277	263603
1278	263020
1279	264178
1280	267854
1281	264441
1282	264328
1283	268107
1284	264695
1285	265060
1286	264810
1287	269280
1288	274385
1289	266317
1290	266087
1291	270976
1292	266591
1293	266578
1294	270145
1295	267161
1296	267494
1297	267913
1298	270783
1299	268521
1300	268668
1301	268704
1302	271840
1303	276635
1304	269303
1305	272558
1306	273363
1307	269275
1308	270089
1309	273221
1310	270025
1311	270833
1312	270979
1313	273390
1314	271264
1315	271707
1316	345274
1317	325756
1318	339907
1319	273033
1320	278897
1321	272869
1322	279666
1323	276863
1324	273452
1325	273310
1326	273357
1327	276697
1328	274447
1329	274364
1330	278898
1331	275032
1332	298309
1333	274793
1334	279033
1335	275323
1336	275264
1337	275286
1338	278807
1339	275570
1340	276797
1341	282494
1342	277130
1343	277566
1344	277793
1345	280811
1346	309372
1347	278194
1348	285580
1349	278718
1350	278725
1351	278501
1352	282358
1353	279172
1354	279402
1355	282396
1356	280092
1357	279453
1358	280002
1359	283235
1360	298764
1361	280872
1362	285128
1363	281097
1364	280852
1365	281300
1366	285549
1367	282220
1368	281519
1369	282365
1370	285924
1371	282579
1372	281985
1373	286774
1374	300255
1375	283802
1376	289917
1377	283741
1378	283982
1379	284405
1380	287430
1381	285204
1382	285034
1383	289595
1384	285443
1385	285685
1386	285429
1387	289976
1388	303811
1389	286719
1390	290080
1391	286778
1392	287295
1393	286404
1394	290642
1395	288058
1396	287626
1397	290940
1398	288727
1399	288153
1400	288700
1401	291804
1402	308133
1403	289661
1404	292719
1405	290403
1406	289804
1407	290250
1408	294420
1409	290326
1410	290337
1411	298478
1412	291094
1413	290945
1414	295249
1415	291849
1416	311518
1417	292409
1418	297306
1419	292896
1420	293261
1421	296362
1422	293179
1423	293218
1424	293815
1425	297151
1426	294607
1427	293997
1428	297807
1429	303980
1430	295532
1431	298940
1432	295436
1433	295413
1434	295660
1435	299491
1436	296413
1437	296474
1438	298954
1439	297276
1440	297540
1441	300685
1442	297952
1443	304878
1444	301607
1445	301669
1446	298352
1447	298829
1448	301533
1449	299156
1450	299258
1451	303109
1452	299507
1453	299440
1454	300347
1455	303215
1456	307993
1457	301197
1458	304736
1459	300931
1460	300531
1461	304097
1462	301853
1463	301083
1464	300707
1465	305607
1466	302736
1467	302167
1468	305888
1469	311979
1470	303078
1471	307166
1472	304255
1473	304002
1474	307118
1475	303877
1476	304171
1477	307765
1478	308057
1479	305110
1480	305884
1481	309204
1482	324914
1483	305993
1484	309258
1485	306030
1486	306539
1487	310355
1488	306393
1489	306733
1490	307739
1491	310364
1492	307592
1493	307604
1494	312388
1495	316347
1496	308698
1497	312296
1498	309557
1499	309131
1500	317985
1501	309409
1502	310218
1503	314063
1504	310513
1505	310836
1506	311244
1507	313734
1508	319081
1509	311577
1510	317680
1511	311749
1512	312247
1513	316437
1514	312049
1515	311947
1516	316158
1517	313847
1518	312319
1519	316833
1520	313276
1521	324839
1522	313758
1523	317169
1524	314165
1525	314588
1526	318446
1527	315689
1528	315171
1529	318602
1530	315359
1531	315162
1532	319206
1533	323087
1534	316748
1535	320326
1536	317501
1537	317109
1538	319473
1539	317574
1540	317344
1541	323309
1542	318304
1543	318161
1544	319225
1545	321721
1546	342603
1547	319575
1548	323235
1549	319516
1550	320213
1551	323606
1552	320225
1553	320521
1554	323614
1555	321060
1556	321880
1557	324288
1558	329572
1559	322414
1560	335412
1561	322196
1562	321849
1563	325887
1564	322203
1565	337768
1566	415932
1567	394417
1568	421730
1569	323585
1570	353190
1571	332402
1572	324854
1573	324200
1574	328270
1575	324680
1576	324996
1577	324748
1578	335356
1579	325651
1580	325498
1581	331248
1582	341347
1583	326269
1584	330209
1585	326928
1586	327143
1587	330669
1588	327741
1589	328121
1590	331022
1591	327697
1592	328286
1593	332525
1594	343477
1595	328341
1596	333191
1597	329390
1598	329255
1599	332647
1600	330342
1601	332958
1602	334023
1603	330966
1604	330989
1605	334004
1606	358272
1607	332125
1608	335060
1609	331245
1610	332681
1611	336701
1612	332080
1613	331999
1614	336360
1615	332686
1616	332866
1617	336981
1618	342106
1619	333998
1620	337395
1621	334005
1622	334203
1623	338561
1624	334701
1625	335136
1626	339627
1627	335566
1628	336283
1629	336273
1630	343448
1631	343606
1632	337204
1633	337272
1634	340638
1635	337310
1636	337330
1637	341274
1638	337277
1639	338155
1640	348906
1641	345789
1642	338627
1643	342778
1644	339131
1645	339804
1646	343003
1647	340407
1648	340342
1649	343103
1650	409725
1651	446273
1652	464366
1653	448593
1654	450707
1655	361823
1656	346583
1657	341877
1658	342225
1659	348178
1660	341926
1661	342506
1662	346898
1663	375167
1664	343474
1665	348074
1666	344031
1667	344334
1668	347092
1669	344027
1670	344730
1671	348494
1672	344807
1673	344539
1674	348217
1675	362932
1676	350238
1677	345364
1678	346117
1679	349463
1680	346677
1681	346902
1682	350237
1683	347302
1684	347726
1685	351510
1686	365284
1687	348317
1688	354469
1689	348719
1690	348712
1691	351622
1692	349281
1693	348832
1694	352670
1695	349402
1696	352605
1697	367104
1698	350430
1699	354257
1700	350212
1701	350499
1702	355737
1703	350356
1704	351372
1705	354160
1706	351941
1707	351855
1708	355466
1709	371643
1710	356455
1711	353524
1712	359564
1713	357680
1714	352987
1715	353996
1716	359877
1717	354465
1718	361034
1719	359014
1720	373975
1721	354751
1722	358700
1723	355053
1724	358786
1725	356555
1726	355915
1727	359494
1728	356834
1729	356474
1730	360124
1731	365864
1732	357014
1733	361480
1734	358073
1735	357698
1736	360725
1737	358410
1738	362135
1739	358311
1740	359125
1741	362744
1742	367059
1743	360120
1744	370278
1745	360117
1746	359623
1747	364053
1748	360598
1749	363731
1750	361426
1751	361135
1752	365751
1753	369440
1754	362232
1755	365185
1756	362650
1757	362776
1758	366465
1759	363699
1760	366417
1761	363736
1762	363222
1763	367383
1764	371454
1765	363877
1766	367845
1767	363846
1768	364787
1769	368278
1770	365118
1771	371846
1772	364918
1773	365438
1774	368382
1775	380532
1776	366261
1777	369925
1778	366895
1779	371038
1780	366821
1781	367354
1782	371496
1783	367246
1784	367709
1785	371768
1786	375560
1787	372834
1788	369395
1789	368855
1790	381058
1791	369077
1792	369975
1793	378390
1794	369868
1795	370023
1796	373966
1797	453739
1798	459907
1799	375881
1800	378359
1801	377589
1802	371776
1803	376515
1804	371910
1805	372456
1806	375617
1807	395868
1808	378197
1809	372660
1810	373127
1811	376502
1812	373551
1813	373733
1814	377360
1815	374228
1816	377434
1817	390462
1818	375165
1819	379505
1820	375622
1821	375628
1822	378373
1823	376772
1824	382199
1825	376730
1826	376575
1827	379497
1828	403317
1829	380853
1830	377479
1831	377897
1832	381681
1833	378406
1834	378333
1835	381658
1836	379001
1837	383201
1838	394340
1839	378638
1840	383496
1841	379581
1842	379117
1843	382847
1844	380815
1845	382913
1846	380813
1847	381207
1848	386040
1849	483824
1850	406362
1851	381719
1852	382701
1853	385545
1854	382325
1855	385623
1856	382242
1857	383154
1858	386505
1859	405437
1860	387362
1861	383759
1862	384119
1863	388449
1864	384960
1865	384772
1866	387793
1867	385602
1868	389116
1869	403566
1870	385444
1871	390192
1872	385959
1873	389092
1874	386575
1875	386888
1876	393171
1877	387202
1878	390331
1879	419241
1880	388997
1881	392501
1882	388751
1883	387943
1884	392428
1885	388980
1886	392295
1887	388992
1888	389361
1889	394556
1890	406940
1891	393897
1892	390079
1893	390404
1894	401559
1895	392128
1896	394872
1897	391166
1898	391270
1899	394515
1900	413041
1901	399928
1902	392349
1903	392401
1904	396488
1905	392601
1906	396486
1907	393449
1908	393295
1909	397473
1910	413066
1911	400959
1912	394386
1913	395196
1914	398725
1915	395303
1916	398464
1917	395694
1918	395790
1919	398393
1920	406432
1921	400830
1922	395943
1923	396982
1924	400354
1925	396531
1926	403606
1927	397896
1928	397982
1929	400743
1930	415292
1931	399803
1932	396373
1933	396340
1934	399161
1935	397198
1936	400455
1937	398183
1938	397434
1939	402295
1940	406363
1941	401743
1942	397356
1943	397435
1944	402047
1945	399135
1946	402152
1947	399427
1948	398833
1949	404774
1950	407961
1951	406173
1952	401199
1953	400930
1954	403569
1955	401121
1956	405443
1957	401661
1958	401904
1959	405249
1960	409487
1961	406118
1962	402562
1963	403012
1964	405249
1965	402877
1966	407980
1967	402170
1968	403154
1969	408132
1970	412193
1971	408057
1972	405142
1973	404242
1974	406680
1975	403949
1976	411996
1977	406176
1978	408877
1979	421082
1980	406806
1981	411501
1982	406287
1983	409909
1984	407522
1985	407260
1986	409509
1987	408178
1988	411438
1989	414352
1990	408610
1991	413275
1992	408654
1993	412876
1994	409484
1995	408931
1996	413384
1997	409932
1998	413721
1999	422241
2000	416851
2001	410012
2002	411121
2003	414252
2004	412068
2005	414553
2006	411725
2007	412357
2008	415488
2009	421934
2010	416386
2011	411733
2012	415909
2013	413104
2014	413322
2015	416505
2016	420073
2017	418060
2018	421805
2019	414361
2020	418241
2021	413970
2022	417850
2023	420764
2024	422249
2025	416043
2026	416437
2027	419145
2028	431430